12	9544
13	9902
14	70
15	128
16	2
17	60
18	68
20	11598
21	80
22	34
23	24
24	0
31	18
34	9
47	40
52	13
53	115
56	1
57	84
58	22
59	8
60	8
61	16
62	11
64	27
66	51
67	3
69	4
70	0
87	66
89	10
92	1
94	26
104	2
107	124
108	18
126	18
136	3
141	5
150	65
155	1
187	8
188	2
189	2
190	11
194	15
202	0
203	1
204	1
209	1
213	1
214	7
216	1
220	7
221	1
224	11
229	1
230	2
231	1
235	8
236	1
238	2
240	8
242	2
246	80
248	1
254	1
255	1
257	77
259	24
260	9
262	1
265	1
266	6
268	1
274	11
277	7
278	2
279	4
287	1
288	35
291	8697
292	67
293	41
294	12
295	92
299	1
300	2
303	1
306	4
307	1
310	2
314	2
318	1
319	1
322	9
323	1
324	3
325	1
327	1
